0 1 2 91 7
0 2 0 100 0
0 3 0 100 0
0 4 1 97 2
0 5 0 99 1
0 6 0 100 0
0 7 2 98 0
0 8 0 100 0
0 9 0 100 0
1 2 10 73 17
1 3 2 95 3
1 4 51 36 13
1 5 15 71 14
1 6 6 91 3
1 7 45 42 13
1 8 16 72 12
1 9 5 92 3
2 3 11 78 11
2 4 88 6 6
2 5 65 16 19
2 6 42 28 30
2 7 88 2 10
2 8 71 17 12
2 9 35 46 19
3 4 99 0 1
3 5 95 3 2
3 6 88 8 4
3 7 100 0 0
3 8 99 0 1
3 9 83 7 10
4 5 4 83 13
4 6 1 96 3
4 7 27 56 17
4 8 5 82 13
4 9 0 98 2
5 6 10 73 17
5 7 81 12 7
5 8 42 44 14
5 9 4 88 8
6 7 97 1 2
6 8 91 4 5
6 9 40 39 21
7 8 17 77 6
7 9 2 95 3
8 9 12 80 8
